Westest Sea  (275,1241)  (229,1286)  (229,1240)  (320,1287)  (275,1195)  (321,1195)  (321,1241)  (227,1194)  (274,1332)  (228,1332)  (366,1287)  (366,1333)  (320,1333)  (273,1149)  (319,1149)  (365,1149)  (367,1195)  (367,1241)  (189,1148)  (274,1378)  (228,1378)  (369,1379)  (323,1379)  (235,1103)  (281,1103)  (327,1103)  (189,1102)  (277,1424)  (231,1424)  (235,1057)  (281,1057)  (327,1057)  (189,1056)  (277,1470)  (231,1470)  (235,1011)  (281,1011)  (327,1011)  (189,1010)  (323,1502)  (277,1516)  (231,1516)  (235,965)  (281,965)  (327,965)  (189,964)  (309,1562)
North East Sea  (3407,322)  (3361,367)  (3361,321)  (3452,368)  (3407,276)  (3453,276)  (3453,322)  (3359,275)  (3406,413)  (3315,375)  (3315,329)  (3498,368)  (3498,414)  (3452,414)  (3405,230)  (3451,230)  (3497,230)  (3499,276)  (3499,322)  (3313,283)  (3354,229)  (3269,372)  (3538,460)  (3492,460)  (3446,460)  (3400,184)  (3446,184)  (3492,184)  (3538,184)  (3267,326)  (3538,506)  (3492,506)  (3362,138)  (3408,138)  (3454,138)  (3500,138)  (3285,120)  (3538,552)  (3492,552)  (3331,92)  (3377,92)  (3423,92)  (3469,92)  (3515,92)  (3538,598)  (3492,598)  (3453,46)  (3499,46)  (3446,604)  (3538,644)  (3492,644)  (3459,0)  (3505,0)  (3446,650)  (3538,690)  (3492,690)  (3446,696)  (3538,736)  (3492,736)  (3446,742)  (3538,782)  (3492,782)  (3446,788)  (3538,828)  (3492,828)  (3446,834)  (3400,860)  (3538,874)  (3492,874)  (3446,880)
Gallgorlad  (1438,1208)  (1392,1241)  (1484,1194)  (1484,1240)  (1380,1195)  (1530,1196)
S. Kabana  (1137,1665)  (1091,1686)  (1182,1711)  (1183,1658)  (1078,1640)  (1051,1594)  (1228,1704)  (1256,1750)
Bay of Goggall  (1124,1057)  (1078,1102)  (1078,1056)  (1158,1103)  (1124,1011)  (1170,1049)  (1112,1148)  (1066,1148)  (1216,1070)
Bay of Antar  (1181,2117)  (1135,2124)  (1135,2078)  (1226,2163)  (1181,2071)  (1272,2169)  (1318,2169)  (1364,2186)
S. Westor  (590,2120)  (544,2165)  (544,2119)  (636,2082)  (636,2128)  (498,2169)  (682,2060)
Bay of Fall  (1902,888)  (1856,933)  (1856,887)  (1947,934)  (1902,842)  (1948,842)  (1948,888)  (1854,841)  (1901,979)  (1900,796)  (1946,796)
E. Kabana  (1286,1609)  (1240,1617)  (1331,1655)  (1338,1701)
S. Forinth Coast  (1419,671)  (1373,716)  (1373,670)  (1464,717)  (1419,625)  (1465,625)  (1465,671)  (1478,763)  (1476,579)
Eldorian Coast  (483,1033)  (437,1078)  (437,1032)  (528,1079)  (483,987)  (529,1009)  (435,986)  (482,1124)  (436,1124)  (574,1085)  (528,1125)  (481,941)  (416,940)  (577,1131)  (527,927)
W. Antar  (1322,2058)  (1276,2075)  (1367,2104)  (1368,2049)
Melodion Coast  (1228,337)  (1182,382)  (1182,336)  (1273,383)  (1228,291)  (1274,291)  (1274,337)  (1180,290)  (1227,428)  (1181,428)  (1136,382)  (1136,336)  (1319,383)  (1319,429)  (1273,429)  (1135,429)  (1226,245)  (1272,245)  (1318,245)  (1320,291)  (1320,337)  (1121,475)
East Sea  (3455,1197)  (3409,1242)  (3409,1196)  (3500,1243)  (3455,1151)  (3501,1151)  (3501,1197)  (3407,1150)  (3454,1288)  (3408,1288)  (3538,1289)  (3453,1105)  (3499,1105)  (3385,1104)  (3492,1334)  (3446,1334)  (3400,1334)  (3538,1335)  (3431,1059)  (3477,1059)  (3523,1059)  (3385,1058)  (3492,1380)  (3446,1380)  (3400,1380)  (3538,1381)  (3431,1013)  (3477,1013)  (3523,1013)  (3385,1012)  (3492,1426)  (3446,1426)  (3400,1426)  (3538,1427)  (3431,967)  (3477,967)  (3523,967)  (3385,966)  (3492,1472)  (3446,1472)  (3400,1472)  (3538,1473)  (3492,1518)  (3446,1518)  (3400,1518)  (3538,1519)
S. Gogg  (839,1308)  (793,1345)  (885,1285)  (747,1350)
Sea of Echo  (2802,693)  (2756,738)  (2756,692)  (2847,739)  (2802,647)  (2848,647)  (2848,693)  (2754,646)  (2801,784)  (2755,784)  (2710,738)  (2710,692)  (2893,739)  (2893,785)  (2847,785)  (2709,785)  (2800,601)  (2846,601)  (2892,601)  (2894,647)  (2894,693)  (2708,646)  (2708,600)  (2754,600)  (2938,583)  (2801,830)  (2755,830)  (2664,739)  (2664,693)  (2939,739)  (2939,785)  (2910,831)  (2864,831)  (2709,831)  (2663,831)  (2663,785)  (2940,629)  (2940,675)  (2662,647)  (2662,601)
Antaith Coast  (813,2176)  (767,2221)  (767,2175)  (858,2222)  (859,2135)  (721,2258)  (721,2212)  (721,2166)  (904,2181)  (904,2227)  (905,2135)  (675,2258)  (675,2212)  (950,2181)  (951,2135)  (629,2258)  (997,2135)  (1043,2135)
W. Fall  (1407,1379)  (1361,1384)  (1450,1425)  (1453,1378)
Artnoth  (2890,14)  (2844,38)  (2936,0)  (2798,20)  (2982,0)  (3028,0)  (3030,46)  (3039,92)  (3074,0)
Penwest  (443,2063)  (489,2066)  (377,2125)
Gall  (1387,1062)  (1341,1076)  (1341,1030)  (1432,1108)  (1386,1122)  (1319,984)  (1365,984)  (1478,1091)  (1478,1137)  (1327,938)  (1373,938)  (1524,1116)
Meloranda  (1209,86)  (1163,114)  (1163,68)  (1255,70)  (1255,116)
Wico  (2815,1432)  (2829,1478)  (2811,1386)
Sea of Goggall  (1055,1403)  (1009,1448)  (1009,1402)  (1100,1449)  (1101,1384)  (1007,1356)  (963,1404)  (1146,1430)  (961,1358)  (976,1310)  (1022,1310)  (1192,1423)  (1032,1264)
N. Eldolas  (682,425)  (636,470)  (636,424)  (694,471)  (710,379)  (728,425)  (756,374)  (648,516)
West Sea  (60,1236)  (14,1281)  (14,1235)  (105,1282)  (60,1190)  (106,1190)  (106,1236)  (12,1189)  (59,1327)  (13,1327)  (142,1328)  (58,1144)  (104,1144)  (0,1143)  (96,1373)  (50,1373)  (4,1373)  (142,1374)  (46,1098)  (92,1098)  (138,1098)  (0,1097)  (96,1419)  (50,1419)  (4,1419)  (142,1420)  (46,1052)  (92,1052)  (138,1052)  (0,1051)  (96,1465)  (50,1465)  (4,1465)  (46,1006)  (92,1006)  (138,1006)  (0,1005)  (116,1511)  (70,1511)  (24,1511)  (46,960)  (92,960)  (138,960)  (0,959)
W. Melodion  (952,204)  (972,250)  (926,250)  (998,166)
Weco Coast  (2199,1353)  (2153,1398)  (2153,1352)  (2244,1399)  (2199,1307)  (2245,1307)  (2245,1353)  (2151,1306)  (2107,1435)  (2107,1389)  (2290,1399)  (2291,1274)  (2291,1320)  (2105,1343)  (2105,1297)  (2061,1435)  (2061,1389)  (2336,1366)  (2336,1412)  (2337,1274)  (2337,1320)  (2059,1343)  (2059,1297)  (2382,1366)  (2382,1412)  (2013,1350)  (2013,1304)  (2428,1387)  (2428,1433)  (2474,1394)  (2520,1421)
Westoran  (528,1635)  (572,1681)  (514,1589)  (560,1565)  (611,1727)  (565,1727)
W. Noth  (2720,112)  (2756,158)  (2694,66)  (2740,66)  (2766,112)
Nothelm  (3187,219)  (3141,243)  (3233,217)
S. Oir  (2191,2127)  (2145,2172)  (2145,2126)  (2230,2173)  (2224,2081)  (2237,2127)
S. Gall  (1190,1237)  (1144,1282)  (1144,1236)  (1219,1283)  (1190,1191)  (1236,1191)  (1236,1237)  (1220,1329)  (1219,1145)  (1265,1145)  (1282,1191)  (1282,1237)  (1271,1347)  (1311,1133)
Northrund Sea  (2435,733)  (2389,778)  (2389,732)  (2480,779)  (2435,687)  (2481,687)  (2481,733)  (2387,686)  (2343,806)  (2343,760)  (2526,779)  (2527,676)  (2527,722)  (2341,714)  (2297,805)  (2572,768)  (2573,676)  (2573,722)
Norn  (2283,308)  (2315,354)  (2262,262)
Narctica Coast  (1724,34)  (1678,79)  (1678,33)  (1769,80)  (1770,0)  (1723,125)  (1677,125)  (1632,79)  (1632,33)  (1815,46)  (1815,92)  (1769,126)  (1631,126)  (1816,0)  (1586,80)  (1586,34)  (1861,46)  (1861,92)  (1585,130)  (1862,0)  (1907,87)  (1539,130)  (1908,0)  (1493,130)
Namco  (3018,1127)  (2972,1157)  (2972,1111)  (3063,1173)
Nordor  (2394,201)  (2348,212)  (2429,247)  (2440,189)
Westest  (227,1638)  (200,1592)  (273,1651)  (168,1546)
Eldono  (640,314)  (594,351)  (686,296)
S. Ico  (3011,1805)  (2965,1826)  (3057,1831)
Antaith  (1069,2208)  (1023,2253)  (1114,2254)  (1115,2183)
Meloranda Coast  (1384,12)  (1338,13)  (1396,58)  (1430,0)  (1292,9)  (1476,0)  (1246,11)  (1522,0)  (1200,3)  (1154,0)  (1108,10)  (1062,12)  (1016,4)  (920,0)  (874,12)
Narctica  (2025,39)  (1979,84)  (1979,38)  (2039,85)  (2071,0)  (1975,130)
Ico Coast  (2619,1663)  (2573,1708)  (2573,1662)  (2664,1709)  (2619,1617)  (2665,1617)  (2665,1663)  (2571,1616)  (2618,1754)  (2572,1754)  (2527,1708)  (2527,1662)  (2710,1709)  (2710,1755)  (2664,1755)  (2526,1755)  (2617,1571)  (2525,1616)  (2525,1570)  (2571,1570)  (2756,1762)  (2519,1524)
Fall Sea  (1554,1589)  (1508,1634)  (1508,1588)  (1599,1635)  (1554,1543)  (1600,1543)  (1600,1589)  (1506,1542)  (1462,1663)  (1462,1617)  (1645,1635)  (1460,1571)  (1460,1525)  (1691,1591)  (1691,1637)
South West Sea  (197,2032)  (151,2077)  (151,2031)  (242,2078)  (197,1986)  (243,1986)  (243,2032)  (149,1985)  (196,2123)  (150,2123)  (105,2077)  (105,2031)  (288,2078)  (246,2124)  (104,2124)  (240,1940)  (286,1940)  (289,1986)  (289,2032)  (103,1985)  (103,1939)  (149,1939)  (200,2169)  (154,2169)  (59,2078)  (59,2032)  (108,2170)  (62,2170)  (58,2124)  (335,1945)  (335,1991)  (335,2037)  (57,1986)  (57,1940)  (57,1894)  (103,1893)  (149,1893)  (355,2191)  (246,2201)  (309,2202)  (16,2212)  (200,2215)  (154,2215)  (13,2078)  (13,2032)  (108,2216)  (62,2216)  (12,2166)  (12,1848)  (381,1945)  (381,1991)  (11,1986)  (11,1940)  (11,1894)  (58,1847)  (104,1847)  (150,1836)  (401,2220)  (355,2237)  (263,2247)  (309,2248)  (16,2258)  (0,1802)  (46,1801)  (92,1801)  (138,1790)  (184,1790)  (447,2232)  (0,1756)  (46,1755)  (92,1755)  (138,1744)  (184,1744)  (493,2229)  (0,1710)  (46,1709)  (92,1709)  (539,2227)  (0,1664)  (46,1663)  (92,1663)  (0,1618)  (46,1617)  (92,1617)
Dewest Coast  (883,1857)  (837,1902)  (837,1856)  (928,1903)  (883,1811)  (929,1811)  (929,1857)  (835,1810)  (791,1944)  (791,1898)  (974,1903)  (975,1783)  (975,1829)  (789,1852)  (745,1944)  (745,1898)  (1020,1875)  (1020,1921)  (1021,1783)  (1021,1829)  (699,1944)  (699,1898)  (1066,1875)  (1066,1921)  (1067,1783)  (1067,1829)
Sea of Oir  (1918,1859)  (1872,1904)  (1872,1858)  (1963,1905)  (1918,1813)  (1964,1813)  (1964,1859)  (1870,1812)  (1917,1950)  (1871,1950)  (1993,1951)  (1916,1767)  (1962,1767)  (1843,1766)  (1947,1996)  (1993,1997)  (1889,1721)  (1935,1721)  (1981,1721)  (1843,1720)
Oir  (2135,2011)  (2089,2041)  (2181,2004)
N. Gall  (1188,913)  (1142,945)  (1142,899)  (1233,959)  (1194,867)  (1234,913)  (1240,861)  (1096,943)  (1276,815)  (1286,861)  (1322,783)
Northa  (2606,141)  (2631,187)  (2599,95)  (2617,233)
N. Antar  (1482,2038)  (1436,2053)  (1436,2007)  (1527,2084)  (1482,1992)  (1556,2130)  (1559,2176)
N. Ico  (2931,1270)  (2975,1316)  (2929,1316)  (2927,1224)
S. Melodion  (1001,316)  (955,333)  (1019,362)  (1038,270)  (1047,316)
Ecco  (3034,1013)  (2988,1042)  (3072,1059)
Northrund Coast  (2432,545)  (2386,590)  (2386,544)  (2477,591)  (2432,499)  (2478,499)  (2478,545)  (2384,498)  (2340,629)  (2340,583)  (2523,591)  (2524,477)  (2524,523)  (2338,537)  (2338,491)  (2569,569)  (2569,615)  (2570,477)  (2570,523)
N. Oir  (2216,1835)  (2170,1853)  (2170,1807)  (2216,1789)  (2262,1830)  (2262,1876)  (2197,1899)  (2308,1843)  (2308,1889)  (2354,1885)
Artic  (2582,0)  (2536,3)  (2628,0)  (2490,1)
Sea of Grekos  (2127,872)  (2081,917)  (2081,871)  (2172,918)  (2127,826)  (2173,826)  (2173,872)  (2079,825)  (2126,963)  (2080,963)  (2035,917)  (2035,871)  (2218,918)  (2034,964)  (2125,780)  (2171,780)  (2217,780)  (2219,826)  (2219,872)  (2033,825)  (2033,779)  (2079,779)  (2175,1009)  (2129,1009)  (2083,1009)  (2037,1010)
Oir Coast  (2073,1868)  (2087,1914)  (2041,1914)  (2040,1822)  (2086,1822)  (2084,1960)  (2040,1776)  (2086,1776)  (2040,1730)  (2086,1730)  (2132,1720)
W. Northrund  (1827,385)  (1781,416)  (1834,431)  (1842,339)  (1873,385)
E. Antar  (1675,2164)  (1695,2210)  (1721,2149)
Sea of Ico  (2573,1208)  (2527,1253)  (2527,1207)  (2618,1254)  (2573,1162)  (2619,1162)  (2619,1208)  (2525,1161)  (2539,1299)  (2481,1294)  (2481,1248)  (2664,1254)  (2665,1144)  (2665,1190)  (2479,1202)  (2479,1156)  (2435,1273)  (2710,1236)  (2711,1144)  (2711,1190)  (2433,1227)  (2433,1181)  (2757,1144)  (2757,1190)  (2803,1153)
Eldolas Coast  (909,427)  (863,472)  (863,426)  (954,473)  (955,410)  (861,380)  (817,497)  (1000,456)  (815,380)  (1046,430)  (1046,476)
Melodion  (1116,182)  (1070,203)  (1070,157)  (1137,228)  (1162,168)
Icoast  (2843,1740)  (2797,1709)  (2888,1786)  (2889,1734)
Strait of Lodonas  (545,56)  (499,101)  (499,55)  (554,102)  (545,10)  (591,10)  (591,56)  (497,9)  (508,147)  (462,147)  (453,101)  (453,55)  (554,148)  (637,0)  (637,46)  (451,9)  (622,168)  (508,193)  (462,193)  (576,194)  (683,0)  (717,46)  (530,239)  (484,239)  (599,240)  (729,0)  (749,162)  (757,92)  (763,46)  (775,0)  (795,142)  (800,188)  (804,294)  (809,46)  (821,0)  (828,234)  (846,181)
N. Nothelm  (3202,14)  (3156,59)  (3156,13)  (3248,0)  (3164,105)  (3294,0)  (3220,139)  (3340,0)  (3386,0)
Grekos  (2289,977)  (2299,1023)
Nico  (2939,1436)  (2982,1482)  (2936,1482)  (2964,1390)  (2989,1528)
Strait of Antarc  (2120,2236)  (2074,2258)  (2074,2212)  (2166,2238)  (2049,2166)  (2028,2258)  (2212,2239)  (2003,2167)  (1982,2258)  (2258,2231)  (1957,2149)  (2304,2190)  (2304,2236)  (2312,2144)  (1911,2130)  (1865,2132)  (1819,2155)  (1773,2137)
S. Northrund  (2008,477)  (1962,516)  (2030,523)  (2007,431)  (2012,569)
Grekos Coast  (2461,932)  (2415,977)  (2415,931)  (2506,978)  (2461,886)  (2507,886)  (2507,932)  (2413,885)  (2460,1023)  (2414,1023)  (2552,978)  (2552,1024)  (2506,1024)  (2553,853)  (2553,899)  (2367,926)  (2367,880)  (2460,1069)  (2414,1069)  (2586,1070)  (2540,1070)  (2321,910)  (2321,864)
Narn Fjords  (2473,392)  (2427,430)  (2427,384)  (2496,346)  (2519,392)  (2542,323)  (2396,338)  (2381,430)  (2381,384)  (2493,300)  (2565,369)  (2565,415)  (2539,277)  (2486,254)  (2532,231)
Eco  (3096,1433)  (3124,1479)  (3071,1387)  (3117,1387)  (3078,1510)
Westoran Coast  (813,1649)  (767,1694)  (767,1648)  (858,1695)  (813,1603)  (859,1603)  (859,1649)  (765,1602)  (721,1719)  (721,1673)  (904,1695)  (905,1600)  (905,1646)  (719,1627)  (675,1726)  (675,1680)  (950,1692)  (951,1603)  (673,1634)  (996,1717)  (627,1636)
Strait of Vipora  (2870,1917)  (2824,1960)  (2824,1914)  (2915,1963)  (2916,1874)  (2820,1868)  (2778,1950)  (2961,1920)  (2961,1966)  (2964,2012)  (2774,1904)  (2774,1858)
Noth  (2892,133)  (2846,177)  (2846,131)  (2937,179)  (2938,88)  (2813,223)  (2983,134)
W. Eldolas  (442,663)  (444,709)
Forinth Coast  (1037,589)  (991,634)  (991,588)  (1082,635)  (1083,553)  (945,649)  (945,603)  (945,557)  (1128,599)  (1128,645)  (899,649)  (899,603)  (899,557)  (1174,584)  (1174,630)  (1220,610)  (1266,632)
Loboras  (449,364)  (403,409)  (403,363)  (494,410)  (495,319)  (426,317)
S. Milhelm  (3342,687)  (3385,733)  (3339,733)  (3309,641)  (3355,641)  (3362,779)
Norin Coast  (1700,272)  (1654,317)  (1654,271)  (1745,318)  (1700,226)  (1746,226)  (1652,225)  (1699,363)  (1653,363)  (1698,180)  (1744,180)  (1790,180)  (1628,179)  (1836,177)  (1664,409)
W. Ico  (2695,1487)  (2649,1512)  (2740,1533)  (2764,1579)
Oirica  (2312,1996)  (2321,2042)  (2358,1986)  (2257,1954)
Westmount  (416,1712)  (370,1757)  (370,1711)  (462,1713)  (467,1759)  (324,1711)  (508,1805)
Dewest  (578,1901)  (619,1947)  (573,1947)  (604,1855)  (650,1815)  (626,1993)
North West Sea  (172,288)  (126,333)  (126,287)  (217,334)  (172,242)  (218,242)  (218,288)  (124,241)  (171,379)  (125,379)  (80,333)  (80,287)  (263,334)  (263,380)  (217,380)  (79,380)  (170,196)  (216,196)  (262,196)  (264,242)  (264,288)  (78,241)  (78,195)  (124,195)  (308,152)  (171,425)  (125,425)  (34,334)  (34,288)  (309,334)  (309,380)  (309,426)  (263,426)  (217,426)  (79,426)  (33,426)  (33,380)  (170,150)  (216,150)  (262,150)  (310,198)  (310,244)  (32,242)  (32,196)  (32,150)  (78,149)  (124,149)  (308,106)  (354,106)  (354,152)  (171,471)  (125,471)  (355,290)  (355,463)  (309,472)  (263,472)  (217,472)  (79,472)  (33,472)  (0,104)  (170,104)  (216,104)  (262,104)  (356,198)  (356,244)  (46,103)  (92,103)  (392,509)  (308,60)  (354,60)  (171,517)  (125,517)  (346,518)  (300,518)  (254,518)  (79,518)  (33,518)  (0,58)  (138,58)  (184,58)  (230,58)  (46,57)  (92,57)  (404,555)  (276,14)  (322,14)  (368,14)  (208,563)  (162,563)  (358,564)  (312,564)  (266,564)  (116,564)  (70,564)  (24,564)  (0,12)  (138,12)  (184,12)  (230,12)  (46,11)  (92,11)  (220,609)  (174,609)  (321,610)  (275,610)  (128,610)  (82,610)  (36,610)  (229,655)  (183,655)  (328,656)  (282,656)  (137,656)  (91,656)  (45,656)  (236,701)  (190,701)  (144,702)  (98,702)  (52,702)  (6,702)  (273,747)  (227,747)  (181,748)  (135,748)  (89,748)  (43,748)  (329,777)  (283,793)  (237,793)  (191,794)  (145,794)  (99,794)  (53,794)  (7,794)  (326,839)  (280,839)  (234,840)  (188,840)  (142,840)  (96,840)  (50,840)  (4,840)  (356,885)  (310,885)  (264,886)  (218,886)  (172,886)  (126,886)  (80,886)  (34,886)
Narn  (2461,75)  (2415,120)  (2507,62)  (2507,108)
Ichor  (3079,871)  (3175,856)
Kabana Sea  (1233,1874)  (1187,1919)  (1187,1873)  (1278,1920)  (1233,1828)  (1279,1828)  (1279,1874)  (1185,1827)  (1232,1965)  (1186,1965)  (1141,1919)  (1141,1873)  (1324,1920)  (1324,1966)  (1278,1966)  (1140,1966)  (1325,1797)  (1325,1843)  (1139,1827)
Nortic Fjords  (2116,671)  (2070,716)  (2070,670)  (2161,717)  (2162,645)  (2068,624)  (2196,599)  (2024,729)  (2024,683)  (2207,691)  (2208,645)  (2076,578)  (2229,553)  (2242,599)  (1978,729)
Sea of Forinth  (1479,298)  (1433,343)  (1433,297)  (1524,344)  (1479,252)  (1525,252)  (1525,298)  (1431,251)  (1478,389)  (1432,389)  (1387,343)  (1387,297)  (1570,344)  (1570,390)  (1524,390)  (1386,390)  (1477,206)  (1523,206)  (1569,206)  (1571,252)  (1571,298)  (1385,251)
Strait of Lorn  (1834,1268)  (1788,1313)  (1880,1267)  (1754,1359)  (1926,1262)  (1708,1399)  (1710,1445)  (1678,1491)
Three Corners Sea  (848,952)  (802,997)  (802,951)  (893,998)  (848,906)  (894,906)  (894,952)  (800,905)  (847,1043)  (801,1043)  (756,997)  (756,951)  (939,998)  (939,1044)  (893,1044)  (755,1044)  (940,871)  (940,917)  (754,905)  (710,998)  (710,952)  (985,963)  (985,1009)  (709,1059)  (986,871)  (986,917)  (994,1055)
Noir Sea  (2325,1606)  (2279,1651)  (2279,1605)  (2370,1652)  (2325,1560)  (2371,1560)  (2371,1606)  (2277,1559)  (2324,1697)  (2233,1695)  (2233,1649)  (2416,1652)  (2416,1698)  (2370,1698)  (2323,1514)  (2369,1514)  (2415,1514)  (2417,1560)  (2417,1606)  (2231,1603)  (2231,1557)  (2277,1513)  (2229,1511)  (2461,1482)  (2324,1743)  (2462,1652)  (2462,1698)  (2462,1744)  (2416,1744)  (2370,1744)  (2463,1528)  (2463,1574)  (2449,1790)  (2403,1790)  (2357,1790)
Westor  (400,1840)  (354,1874)  (354,1828)  (445,1886)  (446,1831)  (491,1930)  (501,1976)
Highhold  (1746,1063)
Strait of Gall  (1870,620)  (1824,665)  (1824,619)  (1915,666)  (1916,600)  (1820,573)  (1869,711)  (1919,712)  (1855,513)
E. Gall  (1754,841)  (1776,887)  (1730,887)  (1784,795)  (1807,749)
E. Gogg  (963,1163)  (917,1133)  (968,1209)  (922,1219)
Strait of Milhelm  (3157,726)  (3111,771)  (3111,725)  (3197,772)  (3157,680)  (3203,691)  (3109,679)  (3243,737)  (3118,817)  (3065,805)  (3065,759)  (3063,713)  (3063,667)  (3109,633)  (3051,621)  (3275,844)  (3288,783)  (3097,587)  (3321,861)
W. Oir  (1963,2054)  (1917,2068)  (2009,2065)  (2055,2104)
Icoal  (2771,1304)  (2758,1350)  (2817,1273)  (2712,1381)
E. Oir  (2469,1930)  (2423,1946)  (2479,1976)  (2496,1884)  (2542,1857)  (2588,1822)
Lodonas  (672,116)  (686,214)  (750,235)
W. Nortic  (1994,322)  (1948,367)  (1996,368)  (2040,297)
W. Forinth  (1236,523)  (1282,536)
Strait of Noth  (3137,339)  (3091,351)  (3182,385)  (3183,298)  (3136,397)
Eldolas  (594,692)  (548,721)  (548,675)  (639,738)  (640,688)  (543,629)
E. Noth  (3035,220)  (3060,174)  (3016,266)  (3011,312)
South East Sea  (3321,1904)  (3275,1949)  (3275,1903)  (3366,1950)  (3321,1858)  (3367,1858)  (3367,1904)  (3273,1857)  (3320,1995)  (3274,1995)  (3229,1949)  (3229,1903)  (3412,1950)  (3412,1996)  (3366,1996)  (3228,1996)  (3319,1812)  (3365,1812)  (3411,1812)  (3413,1858)  (3413,1904)  (3227,1857)  (3227,1811)  (3273,1811)  (3457,1768)  (3320,2041)  (3274,2041)  (3183,1950)  (3183,1904)  (3458,1950)  (3458,1996)  (3458,2042)  (3412,2042)  (3366,2042)  (3228,2042)  (3182,2042)  (3182,1996)  (3319,1766)  (3365,1766)  (3411,1766)  (3459,1814)  (3459,1860)  (3181,1819)  (3181,1773)  (3227,1765)  (3273,1765)  (3143,1727)  (3457,1722)  (3503,1722)  (3503,1768)  (3320,2087)  (3274,2087)  (3137,1950)  (3137,1904)  (3504,1906)  (3504,1952)  (3504,1998)  (3504,2044)  (3458,2088)  (3412,2088)  (3366,2088)  (3228,2088)  (3182,2088)  (3136,2088)  (3136,2042)  (3136,1996)  (3319,1720)  (3365,1720)  (3411,1720)  (3505,1814)  (3505,1860)  (3135,1806)  (3189,1719)  (3235,1719)  (3506,2090)  (3097,1716)  (3143,1681)  (3457,1676)  (3503,1676)  (3320,2133)  (3274,2133)  (3091,1950)  (3091,1904)  (3460,2134)  (3414,2134)  (3368,2134)  (3228,2134)  (3182,2134)  (3136,2134)  (3090,2134)  (3090,2088)  (3090,2042)  (3090,1996)  (3281,1674)  (3327,1674)  (3373,1674)  (3189,1673)  (3235,1673)  (3538,2136)  (3089,1670)  (3419,1630)  (3465,1630)  (3511,1630)  (3322,2179)  (3276,2179)  (3492,2180)  (3446,2180)  (3400,2180)  (3230,2180)  (3184,2180)  (3138,2180)  (3092,2180)  (3281,1628)  (3327,1628)  (3373,1628)  (3154,1627)  (3200,1627)  (3538,2182)  (3419,1584)  (3465,1584)  (3511,1584)  (3354,2225)  (3308,2225)  (3492,2226)  (3446,2226)  (3400,2226)  (3262,2226)  (3216,2226)  (3170,2226)  (3124,2226)  (3078,2226)  (3246,1582)  (3292,1582)  (3338,1582)  (3156,1581)  (3538,2228)
Sea of Vipora  (2528,2127)  (2482,2172)  (2482,2126)  (2573,2173)  (2528,2081)  (2574,2081)  (2574,2127)  (2480,2080)  (2527,2218)  (2481,2218)  (2436,2172)  (2436,2126)  (2619,2173)  (2619,2219)  (2573,2219)  (2435,2219)  (2526,2035)  (2572,2035)  (2618,2035)  (2620,2081)  (2620,2127)  (2434,2080)  (2664,1991)  (2390,2173)  (2390,2127)  (2389,2258)  (2553,1989)  (2599,1989)  (2666,2112)  (2388,2081)  (2645,1945)  (2691,1945)  (2586,1943)  (2632,1899)  (2678,1899)  (2673,1853)  (2719,1853)
Ico  (2872,1585)  (2826,1630)  (2902,1631)  (2843,1539)  (2918,1579)  (2900,1677)
Ironspikes  (1464,1306)  (1510,1315)  (1553,1254)  (1599,1257)  (1311,1290)
Eldonovan  (521,502)  (487,548)  (553,456)  (567,502)
Elwest  (263,1799)  (280,1845)  (252,1753)  (234,1848)
S. Eldolas  (624,942)  (641,988)  (595,988)  (646,896)  (629,1034)  (646,850)
Fallgall  (1642,1141)  (1659,1095)  (1656,1049)  (1648,1003)  (1635,957)  (1654,911)
Namco Coast  (3252,1294)  (3206,1339)  (3206,1293)  (3297,1340)  (3252,1248)  (3298,1248)  (3298,1294)  (3204,1247)  (3251,1385)  (3205,1385)  (3160,1336)  (3338,1386)  (3250,1202)  (3296,1202)  (3158,1290)  (3193,1201)  (3292,1431)  (3246,1431)  (3338,1432)  (3239,1156)  (3285,1156)  (3331,1156)  (3112,1332)  (3112,1286)  (3156,1155)  (3200,1436)  (3292,1477)  (3246,1477)  (3338,1478)  (3202,1110)  (3248,1110)  (3294,1110)  (3066,1327)  (3066,1281)  (3125,1109)  (3200,1482)  (3292,1523)  (3246,1523)  (3338,1524)  (3171,1064)  (3217,1064)  (3263,1064)  (3309,1064)  (3020,1256)  (3170,1018)  (3216,1018)  (3262,1018)  (3308,1018)  (3273,972)  (3319,972)
Strait of Eldolas  (734,1109)  (780,1106)  (798,1152)  (651,1192)  (642,1123)  (826,1106)  (844,1152)
Antarc  (1830,2222)  (1784,2258)  (1784,2212)  (1876,2202)  (1876,2248)  (1922,2206)
Gall Sea  (1642,620)  (1596,665)  (1596,619)  (1687,666)  (1642,574)  (1688,574)  (1688,620)  (1594,573)  (1641,711)  (1595,711)  (1550,665)  (1550,619)  (1733,666)  (1733,712)  (1687,712)  (1549,712)  (1640,528)  (1686,528)  (1732,528)  (1734,574)  (1734,620)  (1548,573)  (1548,527)  (1594,527)  (1641,757)  (1595,757)  (1727,758)  (1549,758)  (1640,482)  (1686,482)  (1732,482)  (1546,481)  (1592,481)
E. Fall  (1882,1084)  (1836,1091)  (1927,1130)  (1832,1045)  (1952,1084)  (1961,1176)  (1758,986)
Icodoa Coast  (2734,982)  (2688,1027)  (2688,981)  (2779,1028)  (2734,936)  (2780,936)  (2780,982)  (2686,935)  (2733,1073)  (2687,1073)  (2642,1027)  (2642,981)  (2785,1074)  (2641,1074)  (2826,896)  (2826,942)  (2826,988)  (2640,935)
Fall Coast  (2156,1127)  (2110,1172)  (2110,1126)  (2201,1173)  (2156,1081)  (2202,1081)  (2202,1127)  (2108,1080)  (2155,1218)  (2109,1218)  (2064,1172)  (2064,1126)  (2247,1173)  (2247,1219)  (2201,1219)  (2063,1219)  (2248,1087)  (2062,1080)  (2018,1133)  (2293,1133)  (2293,1179)  (2293,1225)  (2017,1227)  (2016,1087)  (2339,1108)  (2339,1154)  (2339,1200)
Iceford  (1583,2252)  (1537,2258)  (1491,2258)
Echo  (2966,913)  (2971,959)  (2925,959)
Lorn Coast  (1949,1593)  (1903,1638)  (1903,1592)  (1994,1639)  (1964,1547)  (1995,1593)  (2010,1532)  (1857,1663)  (1857,1617)  (1857,1571)  (2040,1639)  (2041,1578)  (2056,1510)  (1811,1663)  (1811,1617)  (1811,1571)  (2086,1624)  (2087,1556)  (2102,1482)  (1765,1663)  (1765,1617)  (1765,1571)  (2132,1602)  (2132,1648)  (2133,1528)
Strait of Fall  (1326,1481)  (1280,1526)  (1280,1480)  (1371,1527)  (1326,1435)  (1279,1434)  (1408,1573)  (1408,1619)
Northa Coast  (2742,416)  (2696,461)  (2696,415)  (2787,462)  (2742,370)  (2788,370)  (2788,416)  (2694,369)  (2741,507)  (2695,507)  (2650,461)  (2650,415)  (2833,462)  (2833,508)  (2787,508)  (2649,508)  (2740,324)  (2786,324)  (2834,337)  (2834,383)  (2679,323)  (2725,278)  (2669,277)
E. Lorn  (1955,1410)  (1909,1370)  (1997,1456)  (1951,1456)
Antar Coast  (1675,1977)  (1629,2022)  (1629,1976)  (1720,2023)  (1675,1931)  (1721,1931)  (1721,1977)  (1627,1930)  (1649,2068)  (1583,2012)  (1766,2023)  (1767,1924)  (1767,1970)  (1581,1966)
Antartica  (1319,2247)  (1365,2248)  (1273,2258)  (1411,2241)  (1425,2191)  (1227,2258)  (1471,2158)
Wendion  (938,81)  (892,126)  (984,61)  (1030,67)
Strait of Gogg  (490,1286)  (444,1331)  (444,1285)  (535,1332)  (490,1240)  (536,1240)  (536,1286)  (442,1239)  (489,1377)  (443,1377)  (554,1378)  (493,1423)
Vipor Sea  (2863,2175)  (2817,2220)  (2817,2174)  (2908,2221)  (2863,2129)  (2909,2129)  (2909,2175)  (2771,2258)  (2771,2212)  (2954,2221)  (2917,2083)  (2955,2129)  (2955,2175)  (2963,2075)  (2725,2258)  (3000,2221)  (3001,2121)  (3001,2167)
E. Forinth  (1404,504)  (1358,527)  (1450,483)
Arct  (2093,179)  (2095,225)  (2084,133)  (2141,206)
Westor Sea  (891,2032)  (845,2077)  (845,2031)  (936,2078)  (937,1991)  (799,2088)  (799,2042)  (799,1996)  (982,2037)  (982,2083)  (983,1991)  (753,2025)  (1028,2037)  (1028,2083)  (1029,1991)  (707,2007)
N. Westor  (438,1531)  (392,1564)  (448,1577)  (399,1485)  (484,1531)  (436,1623)
Arctica  (2247,70)  (2201,115)  (2201,69)  (2292,116)  (2247,24)  (2293,24)  (2293,70)  (2199,23)  (2246,161)  (2200,161)  (2155,89)  (2338,116)  (2339,0)  (2339,46)  (2212,207)  (2385,0)
W. Gogg  (738,1228)  (692,1271)  (756,1274)  (784,1213)  (660,1317)  (830,1217)
W. Milhelm  (3220,544)  (3255,590)  (3209,590)  (3189,498)  (3266,532)  (3252,636)
Norin  (1923,214)  (1921,260)  (1969,181)
Antar Sea  (1602,1782)  (1556,1827)  (1556,1781)  (1647,1828)  (1602,1736)  (1648,1736)  (1648,1782)  (1554,1735)  (1601,1873)  (1510,1854)  (1510,1808)  (1693,1828)  (1693,1874)  (1647,1874)  (1694,1710)  (1694,1756)  (1508,1762)  (1508,1716)  (1464,1866)  (1464,1820)  (1739,1802)  (1739,1848)  (1740,1710)  (1740,1756)  (1462,1774)  (1462,1728)  (1445,1914)  (1418,1868)  (1418,1822)  (1785,1802)  (1785,1848)  (1786,1710)  (1786,1756)  (1416,1776)
E. Northrund  (2221,419)  (2189,465)  (2179,511)
E. Nortic  (2150,327)  (2104,372)  (2152,373)  (2196,291)  (2198,337)
Gallic Sea  (1040,743)  (994,788)  (994,742)  (1085,789)  (1040,697)  (1086,697)  (1086,743)  (992,696)  (948,824)  (948,778)  (1131,789)  (1132,696)  (1132,742)  (946,732)  (1134,835)  (902,824)  (902,778)  (1178,696)  (1178,742)  (900,732)  (1224,696)  (1224,742)  (1270,696)
Icodoa  (2874,1083)  (2893,1129)  (2878,1175)
Vipora  (2774,2046)  (2728,2074)  (2774,2092)  (2745,2000)  (2820,2041)
S. Fall  (1596,1376)  (1550,1421)  (1617,1422)  (1579,1330)  (1625,1330)  (1671,1326)
Koko Kabana  (1118,1537)  (1061,1525)  (1164,1531)  (1121,1583)  (1015,1532)  (969,1548)
W. Lorn  (1827,1436)  (1860,1482)  (1814,1482)  (1815,1390)
Eldorian  (478,804)  (432,846)  (432,800)  (524,777)  (524,823)
Bay of Eldolas  (734,615)  (688,622)  (779,661)  (738,569)  (780,615)  (784,565)  (733,668)  (642,602)  (811,707)  (765,714)  (719,714)  (811,753)  (765,760)  (811,799)
Fall  (1735,1191)  (1689,1236)  (1738,1237)  (1781,1171)  (1827,1177)
Oaki  (3121,924)  (3173,912)  (3219,905)
E. Ico  (2992,1656)  (3012,1702)  (2966,1702)  (3009,1610)  (3055,1593)
N. Milhelm  (3360,518)  (3314,484)  (3390,564)  (3344,564)  (3283,438)
E. Melodion  (1392,153)  (1342,173)  (1452,78)
Bay of Gall  (1510,889)  (1464,926)  (1464,880)  (1555,935)  (1510,843)  (1556,843)  (1556,889)  (1454,834)  (1509,972)  (1569,981)  (1602,839)  (1408,865)  (1463,1004)  (1523,1018)  (1588,1027)
Noth Coast  (2978,463)  (2932,508)  (2932,462)  (3023,509)  (2978,417)  (3024,417)  (3024,463)  (2930,416)  (3069,509)  (3070,433)  (2891,370)  (2937,370)  (3115,498)  (2901,324)  (2878,255)
Gogg Coast  (745,1461)  (699,1506)  (699,1460)  (790,1507)  (745,1415)  (791,1415)  (791,1461)  (697,1414)  (653,1549)  (653,1503)  (836,1507)  (837,1402)  (837,1448)  (651,1457)  (882,1494)  (883,1408)  (605,1438)
Weco  (2598,1360)  (2638,1406)  (2644,1333)